38.184329986572266 93.47745513916016
131.3195571899414 139.66741180419922
89.52434539794922 241.46540069580078
151.31043243408203 74.7571907043457
145.37033081054688 96.94362258911133
91.30910873413086 241.15657806396484
100.85563659667969 242.36355590820312
146.1495819091797 104.6600341796875
128.54940795898438 117.03955078125
94.65946197509766 213.29283905029297
89.5151138305664 215.7815704345703
139.87042236328125 65.97751998901367
153.91718292236328 49.944854736328125
142.0188446044922 77.66803741455078
90.01052856445312 230.0224380493164
137.6704559326172 94.96361541748047
87.42967987060547 219.2197265625
94.00297164916992 243.35678100585938
86.86795806884766 233.82005310058594
86.23702621459961 211.28900146484375
90.80834197998047 230.79763793945312
86.21442413330078 208.56298828125
223.4913330078125 177.5114288330078
258.2797088623047 205.867919921875
